year,doy,hour,mean,std
2013,121,8,0.005184,0.001296
2013,182,8,0.27648,0.06912
2013,182,9,0.208224,0.052056
2013,182,10,0.428328,0.107082
2013,182,11,0.58968,0.14742
2013,182,12,0.378432,0.094608
2013,205,10,0.421632,0.105408
2014,254,9,0.176472,0.044118
2014,295,10,0.147744,0.036936
2014,295,11,0.134784,0.033696
2015,98,2,0.015552,0.003888
2015,169,12,0.287928,0.071982
2015,202,12,0.304128,0.076032
2015,202,13,0.181008,0.045252
2015,252,12,0.465696,0.116424
2015,283,12,0.274752,0.068688
2015,283,13,0.2376,0.0594
2016,82,11,0.080136,0.020034
2016,82,12,0.042732,0.010683
2016,134,14,0.299124,0.074781
2016,168,11,0.343908,0.085977
2016,201,14,0.236304,0.059076
2016,252,9,0.37413,0.0935325
2016,292,13,0.200808,0.050202
2016,292,14,0.2269080000000001,0.056727
2016,341,11,0.084462,0.0211155
2017,109,12,0.133434,0.0333585
2017,124,12,0.255852,0.063963
2017,124,13,0.228816,0.057204
2017,172,9,0.38385,0.0959625
2017,199,8,0.383364,0.095841
2017,262,10,0.30744,0.07686
2017,298,11,0.26442,0.066105
2017,298,12,0.388332,0.097083
2017,312,10,0.061632,0.015408
2018,108,13,0.0856656,0.0214164
2018,131,13,0.1835136,0.0458784
2018,214,10,0.307224,0.076806
2019,113,11,0.275004,0.068751
2019,197,11,0.2644919999999999,0.0661229999999999
2019,231,15,0.288216,0.072054
2021,173,13,0.207252,0.051813
